9	151	2	68	53	2	28	664
1	2	150
2	4	150
1	3	90
2	6	97
1	0	0	
2	1	0	
3	0	0	
4	2	2	
5	0	1	
6	4	1	
7	2	0	
8	1	2	
9	0	0	
10	1	0	
11	3	1	
12	0	1	
13	0	3	
14	1	2	
15	0	0	
16	2	1	
17	1	0	
18	3	0	
19	0	1	
20	1	0	
21	0	0	
22	0	0	
23	0	1	
24	1	1	
25	0	0	
26	2	2	
27	1	5	
28	0	3	
1	5	0	0
2	4	0	0
3	4	0	0
4	5	0	0
5	6	0	0
6	3	0	0
7	5	0	0
8	2	0	0
9	2	0	0
10	1	0	0
11	3	0	0
12	6	0	0
13	7	0	0
14	4	0	0
15	4	0	0
16	6	0	0
17	1	0	0
18	3	0	0
19	1	0	0
20	4	0	0
21	6	0	0
22	5	0	0
23	1	0	0
24	4	0	0
25	7	0	0
26	4	0	0
27	6	0	0
28	3	0	0
29	4	0	0
30	3	0	0
31	6	0	0
32	3	0	0
33	1	0	0
34	1	0	0
35	4	0	0
36	5	0	0
37	3	0	0
38	7	0	0
39	3	0	0
40	5	0	0
41	5	0	0
42	4	0	0
43	6	0	0
44	1	0	0
45	1	0	0
46	3	0	0
47	5	0	0
48	2	0	0
49	5	0	0
50	1	0	0
51	3	0	0
52	3	0	0
53	3	0	0
54	1	0	0
55	6	0	0
56	1	0	0
57	3	0	0
58	7	0	0
59	5	0	0
60	2	0	0
61	5	0	0
62	2	0	0
63	6	0	0
64	6	0	0
65	2	0	0
66	7	0	0
67	5	0	0
68	6	0	0
69	1	19	26
70	4	73	5
71	7	47	12
72	7	49	10
73	6	23	28
74	3	91	18
75	7	71	15
76	6	107	14
77	1	93	13
78	7	121	28
79	3	13	14
80	2	55	11
81	2	95	4
82	1	59	11
83	6	61	2
84	6	115	5
85	5	109	23
86	2	33	19
87	4	143	5
88	4	59	28
89	2	11	13
90	3	69	12
91	5	25	3
92	3	53	3
93	4	9	7
94	5	137	23
95	7	143	21
96	4	111	16
97	5	145	4
98	7	67	22
99	3	55	15
100	5	1	19
101	2	17	7
102	7	91	4
103	3	75	5
104	7	59	26
105	7	125	28
106	6	105	24
107	1	123	23
108	6	65	5
109	6	87	27
110	7	103	15
111	3	71	1
112	2	25	27
113	2	125	18
114	7	117	13
115	2	103	21
116	5	87	18
117	7	31	19
118	2	107	11
119	2	1	6
120	6	27	9
121	3	47	22
122	6	117	1
123	7	51	20
124	4	5	26
125	3	67	22
126	7	129	11
127	4	139	2
128	3	35	4
129	1	47	28
130	7	3	21
131	2	41	14
132	5	117	8
133	3	25	6
134	7	101	13
135	4	121	12
136	6	116	17
137	2	69	19
138	2	57	17
139	2	65	5
140	1	53	16
141	2	53	2
142	1	95	13
143	6	47	8
144	1	77	24
145	3	87	4
146	3	61	5
147	3	97	1
148	1	115	25
149	1	97	17
150	6	3	21
151	6	51	28
152	3	121	27
153	6	85	11
154	2	37	26
155	7	5	21
156	7	99	26
157	7	105	9
158	4	131	4
159	3	125	7
160	4	91	1
161	1	111	3
162	1	105	13
163	1	71	24
164	2	115	6
165	5	5	10
166	4	85	18
167	4	37	10
168	6	127	6
169	5	113	5
170	5	127	11
171	1	113	5
172	1	3	17
173	2	59	13
174	2	121	2
175	4	75	28
176	4	83	25
177	1	79	19
178	5	75	19
179	7	69	27
180	7	63	27
181	2	9	28
182	3	105	15
183	2	143	9
184	4	65	17
185	4	93	10
186	4	87	7
187	5	17	4
188	7	141	27
189	1	103	14
190	2	141	18
191	5	67	5
192	6	57	17
193	7	53	18
194	5	33	22
195	6	45	5
196	3	81	21
197	3	7	21
198	2	123	4
199	7	23	14
200	3	115	25
201	1	78	18
202	5	59	5
203	4	117	7
204	3	83	27
205	6	83	20
206	5	43	11
207	6	35	7
208	3	131	28
209	2	137	22
210	5	141	18
211	6	97	20
212	7	109	9
213	1	5	22
214	7	70	23
215	7	111	23
216	1	125	17
217	2	7	11
218	6	9	27
219	5	77	17
220	1	89	18
221	3	41	17
222	1	31	1
223	5	89	27
224	1	25	1
225	3	133	8
226	7	119	2
227	7	75	21
228	2	13	8
229	6	125	8
230	2	21	21
231	3	31	15
232	1	75	27
233	5	73	27
234	3	3	10
235	5	69	12
236	4	13	19
237	6	55	2
238	3	123	5
239	6	29	24
240	6	111	2
241	6	129	27
242	4	107	18
243	4	86	2
244	7	1	12
245	2	133	11
246	2	93	10
247	4	79	10
248	3	119	22
249	5	39	3
250	4	103	18
251	6	75	20
252	4	109	27
253	6	86	6
254	4	11	23
255	4	19	28
256	6	5	26
257	5	55	3
258	1	11	10
259	1	51	13
260	1	7	15
261	2	99	24
262	1	121	6
263	2	113	2
264	2	149	10
265	6	133	16
266	6	11	16
267	4	53	3
268	4	35	2
269	5	13	15
270	7	13	21
271	6	101	27
272	1	57	7
273	7	55	9
274	7	93	11
275	3	139	28
276	7	27	3
277	1	129	27
278	4	113	25
279	6	1	8
280	7	33	24
281	1	6	1
282	1	131	23
283	4	33	2
284	5	35	13
285	6	137	28
286	1	114	15
287	7	19	8
288	1	96	7
289	7	89	24
290	4	89	26
291	3	29	25
292	1	9	20
293	3	68	16
294	5	11	14
295	6	77	15
296	4	123	6
297	7	131	25
298	7	81	19
299	6	84	7
300	1	4	20
301	7	50	10
302	6	121	11
303	2	45	6
304	4	15	23
305	1	117	6
306	1	119	22
307	2	122	24
308	6	13	4
309	1	37	11
310	1	1	24
311	6	21	1
312	1	112	5
313	5	103	19
314	7	97	24
315	5	95	6
316	4	47	16
317	1	116	21
318	1	141	26
319	2	101	18
320	5	133	18
321	2	97	19
322	4	63	13
323	4	137	20
324	4	31	27
325	3	107	18
326	6	93	14
327	3	15	1
328	2	5	22
329	5	111	15
330	5	88	15
331	5	37	15
332	3	99	26
333	5	76	16
334	7	4	4
335	7	139	19
336	5	12	11
337	6	126	12
338	7	9	27
339	6	131	11
340	7	147	24
341	3	95	23
342	5	143	25
343	6	39	26
344	3	149	27
345	6	95	9
346	4	119	20
347	5	68	2
348	2	71	19
349	4	71	14
350	6	149	26
351	1	118	7
352	2	145	18
353	7	135	7
354	7	25	24
355	4	67	5
356	2	67	5
357	6	46	28
358	3	17	19
359	4	118	11
360	4	17	26
361	3	11	23
362	6	7	13
363	3	85	7
364	6	91	22
365	3	57	28
366	6	79	5
367	1	104	24
368	4	120	2
369	6	145	26
370	2	111	10
371	3	79	14
372	6	139	13
373	2	81	7
374	5	38	24
375	7	90	14
376	7	102	28
377	2	89	20
378	7	145	3
379	7	104	22
380	4	105	13
381	7	115	25
382	6	143	11
383	7	39	1
384	5	45	26
385	1	35	5
386	1	69	2
387	3	23	28
388	3	54	21
389	3	49	3
390	3	129	1
391	4	69	21
392	6	8	21
393	4	23	17
394	7	116	1
395	2	91	24
396	4	133	24
397	6	103	21
398	4	92	11
399	7	26	6
400	1	120	5
401	7	130	28
402	4	14	19
403	5	93	18
404	7	54	6
405	1	73	27
406	6	130	18
407	6	41	10
408	2	39	27
409	7	146	24
410	1	127	1
411	1	45	12
412	2	114	5
413	6	12	7
414	6	63	14
415	4	55	8
416	3	106	1
417	3	143	4
418	3	37	10
419	6	138	8
420	4	45	19
421	2	102	23
422	1	74	6
423	1	46	21
424	4	61	6
425	7	79	21
426	5	121	2
427	2	51	22
428	2	35	12
429	3	113	19
430	3	84	7
431	2	43	8
432	3	12	22
433	2	75	24
434	5	3	12
435	2	79	23
436	1	27	19
437	7	37	12
438	3	109	7
439	5	139	16
440	3	33	2
441	6	40	9
442	4	70	16
443	7	24	22
444	1	70	14
445	5	140	23
446	1	147	8
447	5	65	3
448	7	61	15
449	1	126	6
450	1	135	4
451	5	101	26
452	1	99	23
453	4	88	22
454	7	21	21
455	7	107	25
456	3	34	20
457	6	53	24
458	4	101	23
459	5	91	9
460	1	26	11
461	5	66	25
462	5	115	10
463	1	130	21
464	4	99	13
465	4	132	20
466	5	9	7
467	6	81	2
468	3	120	28
469	4	3	3
470	5	44	2
471	3	147	5
472	3	108	4
473	3	80	11
474	6	6	16
475	4	72	21
476	2	85	18
477	4	21	20
478	3	21	16
479	7	83	21
480	2	27	28
481	7	7	2
482	2	38	24
483	2	54	21
484	4	29	12
485	3	19	9
486	4	84	9
487	6	141	25
488	2	87	23
489	4	102	8
490	7	127	9
491	5	10	21
492	3	30	4
493	3	132	20
494	7	126	22
495	3	114	3
496	7	29	15
497	7	128	24
498	7	118	5
499	5	27	3
500	3	82	3
501	2	105	12
502	5	129	14
503	3	59	24
504	2	139	11
505	3	122	11
506	4	36	7
507	3	127	22
508	1	65	21
509	6	33	21
510	4	125	24
511	3	86	14
512	2	142	2
513	7	80	1
514	5	23	18
515	5	41	27
516	7	77	24
517	3	16	12
518	3	77	15
519	5	123	5
520	2	104	21
521	6	28	18
522	3	51	14
523	7	48	7
524	5	57	6
525	2	80	24
526	4	54	17
527	3	32	21
528	5	149	18
529	6	80	9
530	3	98	5
531	2	12	16
532	1	83	18
533	2	86	22
534	7	142	23
535	7	32	15
536	6	31	7
537	6	64	15
538	4	149	3
539	5	63	2
540	7	92	17
541	7	144	3
542	2	42	13
543	3	39	25
544	1	33	28
545	1	91	16
546	2	70	2
547	2	124	23
548	3	137	1
549	5	34	16
550	1	58	20
551	6	102	15
552	2	96	9
553	7	87	16
554	5	116	9
555	7	43	8
556	5	61	23
557	2	40	3
558	7	45	13
559	2	52	17
560	7	95	2
561	2	44	15
562	4	46	2
563	7	6	10
564	3	130	28
565	5	81	8
566	7	120	22
567	3	70	25
568	3	18	6
569	2	56	14
570	1	13	18
571	1	67	21
572	1	122	23
573	4	49	24
574	5	51	12
575	5	147	22
576	4	135	28
577	2	29	15
578	7	44	6
579	4	100	16
580	7	100	4
581	5	128	24
582	1	66	5
583	7	60	16
584	5	131	25
585	4	95	7
586	1	68	8
587	4	138	24
588	1	17	1
589	4	134	27
590	7	8	28
591	1	81	9
592	2	66	16
593	1	23	15
594	4	68	27
595	3	40	19
596	7	15	26
597	1	61	25
598	5	114	6
599	7	108	11
600	1	101	20
601	4	110	13
602	3	89	3
603	6	140	1
604	7	41	8
605	4	112	27
606	4	57	24
607	3	148	14
608	2	23	16
609	4	39	12
610	3	73	7
611	3	38	11
612	1	24	17
613	3	78	2
614	4	127	20
615	2	19	23
616	5	83	17
617	4	136	4
618	4	12	17
619	3	1	15
620	2	106	28
621	2	127	12
622	7	110	28
623	2	58	17
624	3	103	16
625	7	76	7
626	3	2	10
627	4	129	23
628	5	58	4
629	1	10	16
630	5	85	21
631	3	126	20
632	3	145	20
633	2	34	18
634	7	40	18
635	5	86	14
636	7	68	19
637	5	94	5
638	2	119	13
639	4	38	27
640	4	25	8
641	5	132	19
642	4	94	25
643	3	50	27
644	7	57	3
645	5	135	11
646	2	73	16
647	5	97	2
648	5	7	12
649	5	53	21
650	6	123	23
651	7	20	15
652	2	112	10
653	1	92	9
654	6	142	2
655	4	30	11
656	4	1	15
657	1	94	1
658	1	82	3
659	7	94	9
660	3	74	21
661	5	79	24
662	7	65	18
663	7	52	24
664	2	94	17
