9	151	2	68	65	1	22	660
1	2	150
1	2	80
2	6	86
1	1	
2	3	
3	5	
4	4	
5	2	
6	1	
7	4	
8	7	
9	1	
10	2	
11	2	
12	1	
13	4	
14	4	
15	2	
16	3	
17	2	
18	8	
19	3	
20	3	
21	1	
22	2	
1	5	0	0
2	3	0	0
3	1	0	0
4	2	0	0
5	7	0	0
6	1	0	0
7	3	0	0
8	6	0	0
9	6	0	0
10	2	0	0
11	5	0	0
12	5	0	0
13	4	0	0
14	3	0	0
15	3	0	0
16	7	0	0
17	4	0	0
18	5	0	0
19	4	0	0
20	2	0	0
21	5	0	0
22	1	0	0
23	5	0	0
24	4	0	0
25	4	0	0
26	5	0	0
27	3	0	0
28	1	0	0
29	3	0	0
30	4	0	0
31	3	0	0
32	4	0	0
33	3	0	0
34	7	0	0
35	5	0	0
36	3	0	0
37	2	0	0
38	7	0	0
39	4	0	0
40	1	0	0
41	7	0	0
42	4	0	0
43	1	0	0
44	4	0	0
45	4	0	0
46	3	0	0
47	2	0	0
48	2	0	0
49	3	0	0
50	3	0	0
51	6	0	0
52	4	0	0
53	6	0	0
54	3	0	0
55	7	0	0
56	4	0	0
57	6	0	0
58	5	0	0
59	6	0	0
60	3	0	0
61	6	0	0
62	3	0	0
63	4	0	0
64	3	0	0
65	6	0	0
66	1	0	0
67	3	0	0
68	5	0	0
69	5	101	1
70	5	117	13
71	2	127	12
72	2	65	5
73	1	53	3
74	7	37	2
75	3	95	4
76	5	139	1
77	5	25	19
78	6	11	22
79	1	99	4
80	4	147	13
81	2	53	2
82	2	77	14
83	1	21	17
84	5	111	10
85	1	69	14
86	4	75	8
87	5	45	7
88	2	111	5
89	2	15	15
90	4	23	14
91	6	69	17
92	1	5	14
93	5	63	11
94	5	145	22
95	3	135	8
96	4	77	11
97	4	9	3
98	3	73	5
99	3	11	13
100	2	55	7
101	4	35	11
102	1	9	17
103	5	127	8
104	3	121	7
105	5	19	12
106	6	119	10
107	6	37	21
108	6	91	11
109	1	73	14
110	1	3	13
111	1	57	16
112	1	27	17
113	1	121	1
114	7	73	11
115	7	97	2
116	7	85	13
117	4	39	4
118	2	49	7
119	6	27	6
120	7	89	7
121	1	89	9
122	3	139	21
123	4	103	2
124	6	57	11
125	3	63	20
126	1	149	16
127	5	11	15
128	2	129	17
129	4	27	7
130	5	113	15
131	4	21	20
132	3	93	12
133	5	21	6
134	1	4	13
135	6	67	11
136	6	51	19
137	5	125	17
138	4	65	15
139	2	149	3
140	2	91	2
141	2	135	10
142	2	11	2
143	7	87	6
144	1	13	18
145	7	65	10
146	7	41	10
147	5	15	6
148	7	5	4
149	1	39	20
150	3	67	7
151	1	81	4
152	6	71	20
153	2	27	7
154	1	25	19
155	2	43	14
156	4	99	8
157	1	71	14
158	4	5	1
159	6	95	8
160	5	79	8
161	2	109	4
162	6	19	8
163	5	65	7
164	3	3	9
165	7	81	7
166	5	87	9
167	6	109	21
168	7	88	2
169	5	137	7
170	7	79	14
171	2	105	4
172	5	107	7
173	7	111	12
174	3	141	21
175	7	43	18
176	3	147	16
177	2	147	1
178	1	75	20
179	4	85	9
180	3	9	20
181	1	51	14
182	5	112	19
183	2	110	3
184	5	29	3
185	5	103	8
186	3	103	11
187	4	37	1
188	1	131	2
189	5	1	9
190	4	33	2
191	7	101	7
192	5	23	2
193	7	125	21
194	2	13	17
195	7	103	3
196	5	99	6
197	1	19	1
198	5	57	14
199	2	95	18
200	3	61	18
201	4	38	7
202	3	75	12
203	4	79	21
204	3	31	6
205	7	131	22
206	3	109	2
207	2	12	5
208	5	24	17
209	1	87	20
210	5	138	2
211	7	42	18
212	2	125	12
213	6	73	3
214	4	105	9
215	4	55	11
216	7	77	17
217	1	113	14
218	1	115	14
219	2	126	1
220	5	147	22
221	6	1	20
222	7	109	20
223	6	125	12
224	3	33	18
225	1	55	19
226	5	49	8
227	7	59	6
228	7	99	5
229	1	65	18
230	7	67	8
231	4	87	20
232	7	63	9
233	2	23	14
234	7	98	9
235	2	1	9
236	6	127	2
237	2	145	22
238	4	69	2
239	2	148	8
240	7	21	4
241	7	55	15
242	3	133	13
243	7	102	12
244	7	80	19
245	6	137	20
246	5	61	5
247	2	73	7
248	5	41	17
249	1	79	11
250	6	145	4
251	5	67	20
252	6	81	15
253	1	141	12
254	1	133	19
255	7	71	18
256	3	23	16
257	1	7	15
258	5	47	18
259	5	7	6
260	4	111	14
261	6	79	4
262	6	17	5
263	7	107	12
264	3	94	22
265	4	71	15
266	1	43	11
267	5	131	15
268	6	5	21
269	5	66	16
270	4	125	10
271	4	59	2
272	1	33	22
273	6	49	19
274	2	101	12
275	7	7	17
276	3	21	18
277	1	23	4
278	4	129	9
279	3	55	11
280	4	76	13
281	6	41	3
282	4	91	4
283	7	23	18
284	2	5	9
285	1	107	14
286	7	119	18
287	7	51	1
288	2	103	14
289	2	37	15
290	5	115	22
291	3	127	9
292	3	5	15
293	4	89	5
294	4	123	10
295	2	83	5
296	6	75	11
297	5	102	20
298	7	145	7
299	6	61	20
300	3	13	19
301	7	53	19
302	4	117	3
303	7	108	10
304	1	61	1
305	6	80	19
306	3	53	14
307	4	86	20
308	3	7	6
309	7	66	17
310	7	25	12
311	4	3	15
312	2	113	20
313	3	8	7
314	7	6	20
315	2	117	20
316	3	54	6
317	4	97	16
318	2	131	12
319	1	6	3
320	7	27	22
321	2	99	10
322	5	71	8
323	6	50	22
324	6	25	22
325	6	135	13
326	4	51	20
327	2	57	16
328	5	69	3
329	6	105	13
330	2	29	15
331	5	81	4
332	6	70	1
333	5	146	1
334	3	17	5
335	7	3	16
336	4	7	18
337	1	83	17
338	3	149	20
339	2	67	20
340	4	124	22
341	7	93	22
342	2	121	15
343	5	119	3
344	2	7	16
345	3	27	3
346	3	134	8
347	4	8	2
348	5	37	1
349	6	129	11
350	5	17	21
351	7	86	9
352	3	105	22
353	3	1	13
354	4	78	9
355	4	63	14
356	7	26	17
357	6	141	3
358	4	90	12
359	2	66	4
360	5	133	17
361	5	114	12
362	2	6	13
363	1	54	22
364	4	36	22
365	3	91	7
366	3	71	16
367	4	133	1
368	3	15	8
369	7	35	6
370	5	13	21
371	3	123	16
372	4	25	14
373	2	85	3
374	7	121	19
375	2	81	21
376	1	77	11
377	5	16	16
378	1	37	6
379	4	145	16
380	2	19	5
381	3	74	19
382	2	25	2
383	4	45	6
384	4	73	14
385	5	118	13
386	3	4	17
387	7	143	14
388	5	73	5
389	2	115	8
390	4	149	17
391	3	129	22
392	2	146	8
393	3	111	18
394	2	14	16
395	2	114	21
396	3	72	22
397	2	33	6
398	2	69	10
399	6	133	7
400	3	145	21
401	3	62	2
402	5	12	14
403	1	119	7
404	7	100	8
405	3	115	19
406	1	145	2
407	4	57	9
408	4	24	19
409	1	109	17
410	1	8	13
411	6	33	15
412	7	83	22
413	7	91	20
414	7	47	11
415	5	105	22
416	7	17	20
417	1	111	11
418	5	106	5
419	1	47	5
420	4	11	22
421	1	112	9
422	5	97	4
423	5	68	20
424	7	113	17
425	4	41	8
426	5	9	19
427	6	43	17
428	5	93	3
429	5	91	21
430	1	120	4
431	5	20	7
432	1	78	6
433	3	65	5
434	6	42	19
435	5	3	16
436	7	24	20
437	6	45	18
438	6	149	3
439	3	45	11
440	2	71	18
441	3	125	20
442	3	25	3
443	7	135	18
444	5	95	8
445	1	93	20
446	6	26	2
447	3	113	3
448	4	83	16
449	6	101	4
450	5	98	15
451	7	144	18
452	5	53	13
453	6	117	12
454	4	137	15
455	2	139	8
456	3	146	21
457	3	148	4
458	1	108	18
459	2	39	18
460	3	140	10
461	2	56	15
462	7	4	11
463	7	92	16
464	7	141	9
465	6	111	19
466	7	115	1
467	7	11	11
468	3	110	11
469	6	85	14
470	7	133	3
471	5	149	17
472	2	133	16
473	7	142	19
474	4	1	2
475	3	43	12
476	7	129	16
477	6	123	11
478	4	74	6
479	2	134	20
480	1	114	18
481	7	84	22
482	2	107	7
483	3	12	19
484	5	83	8
485	4	49	10
486	4	95	12
487	2	141	12
488	1	31	2
489	6	115	2
490	7	13	2
491	6	63	13
492	3	41	1
493	4	31	20
494	7	57	2
495	6	126	15
496	6	143	14
497	7	134	18
498	3	101	11
499	1	70	19
500	4	32	3
501	6	97	21
502	2	82	17
503	3	77	2
504	7	147	22
505	6	113	18
506	4	64	20
507	5	109	14
508	5	35	8
509	2	116	4
510	1	85	19
511	5	27	8
512	4	4	14
513	7	56	16
514	1	20	8
515	4	127	13
516	7	9	15
517	2	21	9
518	5	62	12
519	2	68	10
520	5	8	5
521	4	141	13
522	1	88	19
523	6	116	13
524	3	117	8
525	7	1	20
526	5	70	10
527	6	44	3
528	5	104	3
529	4	61	4
530	2	70	12
531	7	33	5
532	2	130	21
533	5	31	3
534	3	66	22
535	1	1	19
536	5	22	8
537	5	89	19
538	1	74	17
539	4	56	19
540	3	122	8
541	7	19	6
542	7	58	10
543	1	32	2
544	4	84	22
545	4	70	11
546	3	119	14
547	1	24	7
548	7	120	3
549	3	102	15
550	7	139	18
551	3	124	6
552	5	39	14
553	5	51	7
554	1	135	22
555	7	64	1
556	6	13	10
557	6	107	10
558	1	67	5
559	4	135	6
560	1	95	7
561	4	113	19
562	6	23	12
563	3	6	21
564	3	126	2
565	2	79	10
566	4	128	3
567	5	55	20
568	1	22	5
569	3	118	6
570	1	147	13
571	4	136	19
572	6	99	14
573	2	35	18
574	3	59	4
575	4	107	11
576	3	76	15
577	5	132	6
578	7	72	22
579	1	2	18
580	1	63	9
581	7	54	1
582	4	126	4
583	2	123	7
584	2	97	12
585	3	120	18
586	5	77	1
587	3	79	11
588	5	141	10
589	7	49	17
590	7	149	18
591	3	42	13
592	6	114	14
593	4	26	6
594	1	52	2
595	6	65	14
596	6	29	3
597	4	47	16
598	6	28	21
599	1	11	6
600	5	100	18
601	2	72	14
602	5	33	10
603	3	107	18
604	7	78	4
605	2	124	3
606	5	18	3
607	6	89	6
608	3	128	22
609	4	53	5
610	5	80	20
611	4	60	2
612	3	85	7
613	5	48	4
614	5	88	11
615	1	132	9
616	2	54	4
617	5	143	14
618	2	143	4
619	6	21	8
620	4	34	19
621	3	116	8
622	2	119	6
623	1	105	5
624	5	90	1
625	2	41	1
626	7	146	18
627	5	108	13
628	1	45	14
629	6	18	22
630	2	142	1
631	2	144	22
632	2	132	13
633	6	124	9
634	1	94	17
635	2	51	11
636	4	50	20
637	7	20	16
638	3	19	11
639	6	90	21
640	4	143	7
641	7	117	18
642	7	127	11
643	3	44	15
644	3	32	17
645	3	24	12
646	6	96	8
647	7	105	10
648	7	50	18
649	7	12	13
650	7	112	15
651	7	123	2
652	5	144	14
653	6	59	19
654	1	59	1
655	4	88	13
656	6	112	12
657	1	134	16
658	2	108	4
659	5	96	4
660	2	42	1
