tedade Kalaf	384
tedade r	9
tedade n	73
tedade darb	2
tedade type	20
tedade m	2
v1	1
v2	2
lambda1	2
lambda2	4
mu	0.5
RowDisUnit	4
ColDisUnit	2
RowDisUnit_2	4
ColDisUnit_2	2
safeD	1
darb	r	n
1	2	72
2	4	72
jaresaghil	r	n
1	1	32
2	6	46
	darb
Type	1	2	
1	1	0	
2	0	0	
3	0	0	
4	0	2	
5	1	1	
6	1	2	
7	1	0	
8	1	0	
9	0	2	
10	0	1	
11	2	2	
12	0	1	
13	0	0	
14	0	2	
15	2	0	
16	0	1	
17	3	0	
18	2	1	
19	1	0	
20	0	1	
kalaf	r	n	type
1	4	0	0
2	7	0	0
3	6	0	0
4	3	0	0
5	7	0	0
6	1	0	0
7	6	0	0
8	2	0	0
9	3	0	0
10	3	0	0
11	4	0	0
12	3	0	0
13	2	0	0
14	4	0	0
15	4	0	0
16	2	0	0
17	4	0	0
18	7	0	0
19	7	0	0
20	7	0	0
21	3	0	0
22	4	0	0
23	1	0	0
24	1	0	0
25	4	0	0
26	2	71	14
27	6	69	12
28	3	59	9
29	1	1	7
30	1	63	3
31	6	43	4
32	3	49	4
33	1	19	3
34	6	53	7
35	6	3	20
36	5	45	14
37	4	65	1
38	2	61	9
39	5	69	5
40	4	13	5
41	1	9	18
42	5	71	16
43	5	7	8
44	7	45	14
45	7	41	20
46	4	21	1
47	1	71	8
48	5	63	20
49	1	61	17
50	7	57	18
51	5	5	3
52	3	39	3
53	7	3	13
54	1	65	17
55	3	15	20
56	6	13	16
57	7	27	18
58	1	49	19
59	4	25	13
60	5	13	14
61	2	15	4
62	3	45	15
63	4	35	13
64	4	61	4
65	3	19	6
66	3	25	18
67	2	63	12
68	5	51	18
69	4	57	13
70	7	51	20
71	2	47	3
72	3	35	20
73	2	65	14
74	2	5	5
75	3	9	16
76	4	53	11
77	2	43	6
78	6	25	9
79	6	49	13
80	5	37	5
81	1	31	20
82	4	51	1
83	5	41	17
84	4	47	7
85	2	45	5
86	3	57	18
87	6	7	13
88	4	17	2
89	7	5	8
90	4	33	16
91	4	41	6
92	7	39	11
93	6	65	17
94	6	1	20
95	7	23	5
96	1	43	19
97	4	34	15
98	7	67	6
99	5	31	7
100	3	47	9
101	2	25	17
102	1	7	2
103	4	11	13
104	7	37	13
105	7	35	14
106	5	57	8
107	2	17	17
108	6	61	16
109	1	37	20
110	2	59	17
111	2	23	11
112	4	71	1
113	2	7	10
114	7	71	20
115	6	35	4
116	4	45	10
117	1	17	1
118	5	61	14
119	3	23	17
120	1	57	3
121	2	16	1
122	2	11	4
123	6	11	15
124	7	7	4
125	2	24	4
126	2	53	13
127	1	47	11
128	3	17	14
129	3	55	1
130	4	12	20
131	7	31	18
132	2	60	14
133	2	55	3
134	4	3	3
135	3	1	2
136	5	15	6
137	7	4	3
138	2	62	3
139	4	19	7
140	4	27	9
141	7	17	15
142	1	3	11
143	7	6	18
144	4	39	10
145	7	49	19
146	4	1	6
147	4	46	3
148	4	9	2
149	1	55	9
150	4	20	10
151	4	5	13
152	3	18	18
153	6	71	20
154	7	25	20
155	7	13	3
156	3	41	20
157	6	41	10
158	2	69	2
159	1	48	9
160	7	63	8
161	7	55	18
162	4	37	6
163	7	65	4
164	4	31	15
165	1	64	16
166	1	25	19
167	4	59	19
168	1	59	3
169	7	38	3
170	2	54	20
171	2	21	9
172	1	8	13
173	7	9	8
174	7	15	9
175	4	38	7
176	2	49	14
177	7	69	12
178	6	2	10
179	3	21	13
180	2	29	10
181	6	57	20
182	3	13	19
183	1	51	8
184	7	1	15
185	5	21	2
186	3	61	16
187	6	47	16
188	3	31	7
189	1	53	15
190	1	62	8
191	6	39	19
192	4	4	9
193	7	29	8
194	3	43	16
195	2	41	13
196	7	68	4
197	2	42	8
198	5	29	3
199	3	27	18
200	7	11	6
201	4	10	19
202	1	21	17
203	1	33	9
204	2	35	19
205	5	35	9
206	5	53	11
207	1	32	16
208	7	30	14
209	3	11	16
210	5	1	15
211	2	31	17
212	7	61	16
213	3	37	3
214	4	36	5
215	5	65	2
216	2	13	5
217	3	7	8
218	5	62	13
219	7	12	20
220	6	9	4
221	4	7	7
222	6	23	15
223	4	15	8
224	3	33	5
225	6	45	15
226	4	14	9
227	3	24	17
228	3	51	19
229	6	19	5
230	3	40	19
231	7	64	19
232	3	46	6
233	5	49	4
234	5	55	13
235	3	3	7
236	3	22	5
237	6	33	3
238	7	40	17
239	7	19	17
240	4	18	16
241	3	34	11
242	3	42	14
243	2	27	14
244	7	66	7
245	3	71	14
246	4	67	14
247	5	47	10
248	2	6	6
249	5	30	3
250	6	55	1
251	1	39	11
252	2	1	2
253	1	38	15
254	1	29	9
255	6	15	8
256	3	16	11
257	3	60	18
258	1	5	3
259	3	29	18
260	4	43	14
261	2	70	1
262	2	44	10
263	2	39	2
264	2	28	19
265	3	20	5
266	1	45	7
267	6	12	11
268	3	36	8
269	7	36	15
270	6	40	8
271	3	14	4
272	1	23	17
273	4	69	15
274	1	22	10
275	1	18	8
276	4	23	18
277	3	30	15
278	1	56	2
279	3	5	13
280	4	24	19
281	7	18	3
282	5	50	2
283	6	29	4
284	2	19	4
285	3	65	13
286	3	38	9
287	5	33	17
288	1	35	8
289	5	32	12
290	6	31	8
291	2	57	10
292	4	60	6
293	2	9	4
294	5	14	15
295	1	67	14
296	6	63	17
297	5	56	15
298	1	50	11
299	1	2	19
300	7	28	1
301	2	12	17
302	5	6	17
303	4	6	15
304	6	8	3
305	6	46	3
306	2	67	11
307	2	46	12
308	1	24	8
309	7	62	11
310	1	69	3
311	4	42	7
312	5	3	9
313	3	58	18
314	2	26	10
315	7	47	11
316	1	70	2
317	2	3	6
318	4	44	6
319	4	63	14
320	6	10	7
321	3	26	6
322	1	41	19
323	4	16	15
324	7	2	3
325	6	64	3
326	6	62	17
327	2	10	9
328	6	21	6
329	6	54	18
330	6	48	16
331	1	15	4
332	5	34	4
333	5	39	1
334	3	44	2
335	2	56	12
336	7	59	20
337	1	42	15
338	5	54	11
339	3	56	5
340	2	8	12
341	4	32	12
342	6	44	4
343	3	2	3
344	5	43	13
345	2	51	10
346	4	66	5
347	5	59	17
348	7	50	8
349	5	36	17
350	1	34	12
351	7	33	8
352	4	2	7
353	2	4	19
354	5	38	4
355	1	68	15
356	5	58	10
357	3	67	18
358	7	8	10
359	3	50	13
360	6	34	1
361	4	62	18
362	2	37	8
363	7	32	2
364	5	2	3
365	1	60	5
366	2	33	10
367	2	30	5
368	7	56	1
369	7	43	6
370	4	58	14
371	6	67	20
372	1	16	7
373	6	24	3
374	5	27	6
375	7	10	18
376	6	20	18
377	4	26	14
378	5	4	8
379	2	22	20
380	1	52	16
381	5	23	16
382	6	22	12
383	1	36	11
384	6	68	17
